              Open      High       Low    Close   Volume  Ex-Dividend  \
2016-03-11  720.00  726.9200  717.1250  726.820  1890839            0   
2016-03-10  708.12  716.4400  703.3600  712.820  2812055            0   
2016-03-09  698.47  705.6800  694.0000  705.240  1414117            0   
2016-03-08  688.59  703.7900  685.3400  693.970  2058471            0   
2016-03-07  706.90  708.0912  686.9000  695.160  2966800            0   
2016-03-04  714.99  716.4900  706.0200  710.890  1966159            0   
2016-03-03  718.68  719.4500  706.0200  712.420  1940323            0   
2016-03-02  719.00  720.0000  712.0000  718.850  1611355            0   
2016-03-01  703.62  718.8100  699.7700  718.810  2137752            0   
2016-02-29  700.32  710.8900  697.6800  697.770  2162715            0   
2016-02-26  708.58  713.4300  700.8600  705.070  2232849            0   
2016-02-25  700.01  705.9800  690.5850  705.750  1627404            0   
2016-02-24  688.92  700.0000  680.7800  699.560  1939979            0   
2016-02-23  701.45  708.4000  693.5800  695.850  1982289            0   
2016-02-22  707.45  713.2400  702.5100  706.240  1929488            0   
2016-02-19  695.03  703.0805  694.0500  700.910  1559147            0   
2016-02-18  710.00  712.3500  696.0300  697.350  1845732            0   
2016-02-17  699.00  709.7500  691.3800  708.400  2440502            0   
2016-02-16  692.98  698.0000  685.0500  691.000  2461148            0   
2016-02-12  690.26  693.7500  678.6000  682.400  2125577            0   
2016-02-11  675.00  689.3500  668.8675  683.110  2999864            0   
2016-02-10  686.86  701.3100  682.1300  684.120  2621518            0   
2016-02-09  672.32  699.9000  668.7700  678.110  3598026            0   
2016-02-08  667.85  684.0300  663.0600  682.740  4201417            0   
2016-02-05  703.87  703.9900  680.1500  683.551  5039693            0   

            Split Ratio  Adj. Open  Adj. High  Adj. Low  Adj. Close  \
2016-03-11            1     720.00   726.9200  717.1250     726.820   
2016-03-10            1     708.12   716.4400  703.3600     712.820   
2016-03-09            1     698.47   705.6800  694.0000     705.240   
2016-03-08            1     688.59   703.7900  685.3400     693.970   
2016-03-07            1     706.90   708.0912  686.9000     695.160   
2016-03-04            1     714.99   716.4900  706.0200     710.890   
2016-03-03            1     718.68   719.4500  706.0200     712.420   
2016-03-02            1     719.00   720.0000  712.0000     718.850   
2016-03-01            1     703.62   718.8100  699.7700     718.810   
2016-02-29            1     700.32   710.8900  697.6800     697.770   
2016-02-26            1     708.58   713.4300  700.8600     705.070   
2016-02-25            1     700.01   705.9800  690.5850     705.750   
2016-02-24            1     688.92   700.0000  680.7800     699.560   
2016-02-23            1     701.45   708.4000  693.5800     695.850   
2016-02-22            1     707.45   713.2400  702.5100     706.240   
2016-02-19            1     695.03   703.0805  694.0500     700.910   
2016-02-18            1     710.00   712.3500  696.0300     697.350   
2016-02-17            1     699.00   709.7500  691.3800     708.400   
2016-02-16            1     692.98   698.0000  685.0500     691.000   
2016-02-12            1     690.26   693.7500  678.6000     682.400   
2016-02-11            1     675.00   689.3500  668.8675     683.110   
2016-02-10            1     686.86   701.3100  682.1300     684.120   
2016-02-09            1     672.32   699.9000  668.7700     678.110   
2016-02-08            1     667.85   684.0300  663.0600     682.740   
2016-02-05            1     703.87   703.9900  680.1500     683.551   

            Adj. Volume  
2016-03-11      1890839  
2016-03-10      2812055  
2016-03-09      1414117  
2016-03-08      2058471  
2016-03-07      2966800  
2016-03-04      1966159  
2016-03-03      1940323  
2016-03-02      1611355  
2016-03-01      2137752  
2016-02-29      2162715  
2016-02-26      2232849  
2016-02-25      1627404  
2016-02-24      1939979  
2016-02-23      1982289  
2016-02-22      1929488  
2016-02-19      1559147  
2016-02-18      1845732  
2016-02-17      2440502  
2016-02-16      2461148  
2016-02-12      2125577  
2016-02-11      2999864  
2016-02-10      2621518  
2016-02-09      3598026  
2016-02-08      4201417  
2016-02-05      5039693  
['Close']
